0.47016433 0.47015694 0.059678756
0.6821982 0.24129029 0.07651151
0.373178 0.364418 0.26240396
0.3557799 0.3471063 0.2971138
0.34682107 0.3357124 0.31746653
0.40878806 0.40878555 0.18242642
0.97420317 0.015124598 0.010672247
0.64990455 0.280647 0.069448434
0.43872863 0.42809194 0.1331794
0.4296041 0.31801465 0.25238118
0.4645984 0.2871865 0.24821512
0.3831817 0.37424615 0.24257214
0.38675916 0.37261593 0.24062489
0.42634383 0.42633304 0.14732313
0.562927 0.235641 0.20143192
0.4689819 0.31141734 0.21960084
0.5368087 0.30842152 0.15476981
0.8146771 0.12383356 0.061489303
0.5548057 0.27812603 0.16706827
0.38789666 0.31003627 0.30206713